	531703.957066	8421595.487789	96.079254	15.992188	2060262.250000
	531703.957066	8421605.617089	85.949951	15.492188	2061288.375000
	531714.086366	8421615.746388	71.624962	14.737662	2061390.875000
	531724.215665	8421625.875687	57.299969	13.898438	2061493.500000
	531734.344964	8421636.004987	42.974976	13.062794	2061596.125000
	531744.474264	8421646.134286	28.649984	12.321209	2061698.750000
	531754.603563	8421656.263585	14.324992	11.585938	2068983.500000
	531764.732862	8421666.392884	0.000000	11.028085	2071240.750000
	531572.276176	8421392.901804	365.076447	22.634510	1111495.125000
	531582.405475	8421403.031103	350.751465	22.421875	1121447.500000
	531592.534774	8421413.160402	336.426483	22.290098	1124012.625000
	531602.664074	8421413.160402	326.297180	22.164063	1127911.500000
	531612.793373	8421423.289702	311.972198	21.992188	1130989.625000
	531622.922672	8421423.289702	301.842896	21.851563	1133144.250000
	531633.051971	8421433.419001	287.517914	21.625000	1133246.875000
	531643.181271	8421443.548300	273.192932	21.313158	1133349.500000
	531653.310570	8421453.677599	258.867950	20.984375	1133452.125000
	531663.439869	8421463.806899	244.542953	20.629257	1133554.625000
	531673.569169	8421473.936198	230.217957	20.289063	1133657.250000
	531683.698468	8421484.065497	215.892960	19.936584	1207839.000000
	531683.698468	8421494.194797	205.763657	19.701153	1265399.125000
	531683.698468	8421504.324096	195.634354	19.453125	1266425.125000
	531683.698468	8421514.453395	185.505051	19.197739	1267656.375000
	531683.698468	8421524.582694	175.375748	18.921875	1372926.750000
	531683.698468	8421534.711994	165.246445	18.644768	1374158.000000
	531683.698468	8421544.841293	155.117142	18.324423	1374671.000000
	531683.698468	8421554.970592	144.987839	17.976563	1375594.500000
	531693.827767	8421565.099892	130.662842	17.465477	1377646.500000
	531693.827767	8421575.229191	120.533546	17.070313	1378364.750000
	531693.827767	8421585.358490	110.404243	16.613983	1379185.500000
	531703.957066	8421595.487789	96.079254	15.992188	2060262.250000
	531450.724584	8421180.186519	634.073364	46.257900	921167.062500
	531460.853884	8421180.186519	623.944092	46.117188	925271.187500
	531460.853884	8421190.315818	613.814819	46.117188	925373.812500
	531460.853884	8421200.445117	603.685547	44.703125	925476.375000
	531460.853884	8421210.574417	593.556274	43.218750	925579.000000
	531460.853884	8421220.703716	583.427002	41.671875	925681.625000
	531460.853884	8421230.833015	573.297729	40.210938	925784.187500
	531460.853884	8421240.962314	563.168457	38.875000	925886.812500
	531460.853884	8421251.091614	553.039185	37.687500	925989.375000
	531460.853884	8421261.220913	542.909912	36.687500	928657.062500
	531470.983183	8421271.350212	528.584900	35.551266	929580.500000
	531481.112482	8421281.479512	514.259888	34.578125	943226.687500
	531491.241781	8421291.608811	499.934906	33.390625	944252.687500
	531501.371081	8421301.738110	485.609924	32.000000	945381.312500
	531511.500380	8421311.867409	471.284943	30.507813	946612.562500
	531521.629679	8421321.996709	456.959961	28.996540	947946.375000
	531521.629679	8421332.126008	446.830658	27.937500	949177.625000
	531531.758979	8421342.255307	432.505676	26.464752	951332.250000
	531531.758979	8421352.384607	422.376373	25.609375	953076.500000
	531541.888278	8421362.513906	408.051392	24.523438	956565.000000
	531552.017577	8421372.643205	393.726410	23.744841	958924.875000
	531562.146876	8421382.772504	379.401428	23.140625	959027.500000
	531572.276176	8421392.901804	365.076447	22.634510	1111495.125000
	531349.431591	8421170.057219	739.561829	52.101563	363623.968750
	531359.560891	8421170.057219	729.432556	51.453125	369780.156250
	531369.690190	8421170.057219	719.303284	50.882813	377270.156250
	531379.819489	8421170.057219	709.174011	50.390625	378706.593750
	531389.948789	8421170.057219	699.044739	49.984375	379732.593750
	531400.078088	8421180.186519	684.719727	48.142078	380450.812500
	531410.207387	8421180.186519	674.590454	47.734375	380963.843750
	531420.336686	8421180.186519	664.461182	47.302780	381271.656250
	531430.465986	8421180.186519	654.331909	46.819500	384349.718750
	531440.595285	8421180.186519	644.202637	46.476563	387222.593750
	531450.724584	8421180.186519	634.073364	46.257900	921167.062500
	531602.664074	8420268.549583	1608.643799	227.335938	155443.093750
	531602.664074	8420278.678882	1598.514526	227.335938	155545.703125
	531602.664074	8420288.808182	1588.385254	219.164063	155750.906250
	531602.664074	8420298.937481	1578.255981	211.656250	156058.718750
	531602.664074	8420309.066780	1568.126709	204.820313	156469.125000
	531602.664074	8420319.196079	1557.997437	199.101563	157084.734375
	531602.664074	8420329.325379	1547.868164	194.000000	157802.953125
	531602.664074	8420339.454678	1537.738892	189.601563	158623.781250
	531602.664074	8420349.583977	1527.609619	186.140625	159547.203125
	531602.664074	8420359.713277	1517.480347	183.125000	160573.234375
	531602.664074	8420369.842576	1507.351074	180.390625	162522.687500
	531602.664074	8420379.971875	1497.221802	177.656250	162933.093750
	531602.664074	8420390.101174	1487.092529	174.984375	166318.984375
	531602.664074	8420400.230474	1476.963257	172.101563	166729.390625
	531602.664074	8420410.359773	1466.833984	168.820313	168678.843750
	531602.664074	8420420.489072	1456.704712	165.328125	169089.250000
	531602.664074	8420430.618372	1446.575439	161.757813	170936.109375
	531602.664074	8420440.747671	1436.446167	158.445313	172885.562500
	531602.664074	8420450.876970	1426.316895	155.328125	175655.828125
	531602.664074	8420461.006269	1416.187622	152.296875	177092.265625
	531602.664074	8420471.135569	1406.058350	149.460938	179452.125000
	531602.664074	8420481.264868	1395.929077	146.664063	181914.593750
	531602.664074	8420491.394167	1385.799805	143.960938	184479.656250
	531602.664074	8420501.523467	1375.670532	141.367188	187147.328125
	531602.664074	8420511.652766	1365.541260	138.867188	189815.000000
	531602.664074	8420521.782065	1355.411987	136.687500	189917.609375
	531602.664074	8420531.911364	1345.282715	134.796875	195560.750000
	531602.664074	8420542.040664	1335.153442	133.257813	256198.953125
	531602.664074	8420552.169963	1325.024170	131.789063	317657.968750
	531602.664074	8420562.299262	1314.894897	130.257813	317863.187500
	531602.664074	8420572.428562	1304.765625	128.742188	324532.343750
	531602.664074	8420582.557861	1294.636353	127.335938	327815.625000
	531592.534774	8420592.687160	1280.311401	125.679688	345463.312500
	531592.534774	8420602.816459	1270.182129	124.764198	350696.031250
	531592.534774	8420612.945759	1260.052856	123.714958	354697.562500
	531592.534774	8420623.075058	1249.923584	122.476563	358391.250000
	531592.534774	8420633.204357	1239.794312	121.282791	358493.843750
	531592.534774	8420643.333657	1229.665039	119.718750	361571.937500
	531592.534774	8420653.462956	1219.535767	118.100060	361674.531250
	531592.534774	8420663.592255	1209.406494	116.106010	361777.125000
	531592.534774	8420673.721554	1199.277222	114.148438	363213.562500
	531592.534774	8420683.850854	1189.147949	112.388069	363829.187500
	531592.534774	8420693.980153	1179.018677	110.625000	364650.000000
	531592.534774	8420704.109452	1168.889404	109.016716	365573.437500
	531592.534774	8420714.238752	1158.760132	107.380539	366599.468750
	531592.534774	8420724.368051	1148.630859	105.726563	367728.093750
	531592.534774	8420734.497350	1138.501587	104.154114	368959.312500
	531592.534774	8420744.626649	1128.372314	102.398438	370293.156250
	531582.405475	8420754.755949	1114.047363	100.046875	374602.468750
	531582.405475	8420764.885248	1103.918091	98.507813	377270.156250
	531582.405475	8420775.014547	1093.788818	97.398438	411642.062500
	531582.405475	8420785.143847	1083.659546	96.492188	416874.781250
	531572.276176	8420795.273146	1069.334595	95.320313	431854.781250
	531572.276176	8420805.402445	1059.205322	94.028831	433906.843750
	531572.276176	8420815.531744	1049.076050	92.848923	436369.312500
	531572.276176	8420825.661044	1038.946777	91.765625	438113.531250
	531572.276176	8420835.790343	1028.817505	90.361862	440063.000000
	531562.146876	8420845.919642	1014.492493	88.296875	441499.437500
	531552.017577	8420856.048942	1000.167480	86.507813	443448.875000
	531552.017577	8420866.178241	990.038208	85.531250	445500.937500
	531541.888278	8420876.307540	975.713196	84.346977	447758.187500
	531541.888278	8420886.436839	965.583923	83.564575	461506.968750
	531531.758979	8420896.566139	951.258911	82.343750	463456.406250
	531521.629679	8420906.695438	936.933899	80.954689	465405.875000
	531521.629679	8420916.824737	926.804626	79.312500	466431.906250
	531521.629679	8420926.954037	916.675354	77.661636	467560.531250
	531521.629679	8420937.083336	906.546082	76.104965	468381.343750
	531521.629679	8420947.212635	896.416809	74.789063	470433.406250
	531511.500380	8420957.341934	882.091797	73.101563	483566.531250
	531511.500380	8420967.471234	871.962524	71.828125	484797.781250
	531501.371081	8420977.600533	857.637512	70.149734	488286.281250
	531501.371081	8420987.729832	847.508240	68.736481	489517.500000
	531491.241781	8420997.859132	833.183228	66.835938	490440.937500
	531491.241781	8421007.988431	823.053955	65.476563	491774.750000
	531481.112482	8421018.117730	808.728943	63.945313	493621.593750
	531470.983183	8421028.247029	794.403931	62.543568	515783.781250
	531470.983183	8421038.376329	784.274658	61.477283	523479.000000
	531470.983183	8421048.505628	774.145386	61.210938	524607.625000
	531460.853884	8421058.634927	759.820374	60.789063	527377.875000
	531460.853884	8421068.764227	749.691101	60.437500	529224.750000
	531460.853884	8421078.893526	739.561829	60.046875	530148.187500
	531460.853884	8421089.022825	729.432556	59.625000	531174.187500
	531450.724584	8421099.152124	715.107544	58.562500	533123.625000
	531450.724584	8421109.281424	704.978271	57.330715	533226.250000
	531450.724584	8421119.410723	694.848999	55.609375	533328.875000
	531450.724584	8421129.540022	684.719727	53.826450	533431.437500
	531450.724584	8421139.669322	674.590454	52.054688	533534.062500
	531450.724584	8421149.798621	664.461182	50.437840	533636.687500
	531450.724584	8421159.927920	654.331909	48.838882	533739.250000
	531450.724584	8421170.057219	644.202637	47.500000	533841.875000
	531450.724584	8421180.186519	634.073364	46.257900	921167.062500
	532109.129038	8421018.117730	936.214172	102.382813	144362.000000
	532109.129038	8421028.247029	926.084900	100.321014	145285.421875
	532109.129038	8421038.376329	915.955627	98.180710	145593.234375
	532109.129038	8421048.505628	905.826355	95.843750	147542.687500
	532109.129038	8421058.634927	895.697083	93.528290	147850.500000
	532109.129038	8421068.764227	885.567810	91.320313	148363.515625
	532109.129038	8421078.893526	875.438538	89.338951	148773.921875
	532109.129038	8421089.022825	865.309265	87.588715	149492.140625
	532109.129038	8421099.152124	855.179993	86.093750	150107.750000
	532109.129038	8421109.281424	845.050720	84.845474	150210.359375
	532109.129038	8421119.410723	834.921448	83.890625	243476.218750
	532109.129038	8421129.540022	824.792175	82.834137	250966.218750
	532109.129038	8421139.669322	814.662903	81.382813	251068.812500
	532109.129038	8421149.798621	804.533630	79.667328	251171.421875
	532109.129038	8421159.927920	794.404358	77.956581	251274.015625
	532109.129038	8421170.057219	784.275085	76.085938	255788.546875
	532109.129038	8421180.186519	774.145813	74.534142	256917.171875
	532098.999739	8421190.315818	759.820801	72.484375	261636.890625
	532088.870439	8421200.445117	745.495789	70.709557	264612.375000
	532078.741140	8421210.574417	731.170776	69.156250	266048.812500
	532068.611841	8421220.703716	716.845764	67.406250	266972.250000
	532058.482542	8421230.833015	702.520752	65.217819	267074.843750
	532048.353242	8421240.962314	688.195740	62.460938	267177.437500
	532038.223943	8421251.091614	673.870728	59.268093	394815.218750
	532028.094644	8421251.091614	663.741455	58.187500	399124.531250
	532017.965344	8421251.091614	653.612183	57.378742	401997.406250
	532007.836045	8421261.220913	639.287170	56.713791	402202.593750
	532007.836045	8421271.350212	629.157898	54.172211	402305.187500
	532007.836045	8421281.479512	619.028625	51.882813	402715.625000
	532007.836045	8421291.608811	608.899353	50.068295	403126.031250
	531997.706746	8421301.738110	594.574341	48.421875	408769.187500
	531987.577447	8421301.738110	584.445068	47.968750	409897.812500
	531977.448147	8421311.867409	570.120056	47.343750	482232.718750
	531967.318848	8421311.867409	559.990784	47.025505	483771.750000
	531957.189549	8421311.867409	549.861511	46.599743	484592.562500
	531947.060249	8421311.867409	539.732239	45.984375	485310.781250
	531936.930950	8421311.867409	529.602966	45.261578	485413.406250
	531926.801651	8421311.867409	519.473694	44.210938	485516.000000
	531916.672352	8421311.867409	509.344391	43.086876	485618.593750
	531906.543052	8421311.867409	499.215088	41.890625	487978.468750
	531896.413753	8421311.867409	489.085785	40.770874	488696.687500
	531886.284454	8421321.996709	474.760803	39.099998	490440.937500
	531876.155154	8421321.996709	464.631500	38.250000	491261.750000
	531866.025855	8421332.126008	450.306519	37.210938	493416.406250
	531855.896556	8421332.126008	440.177216	36.507813	613051.187500
	531845.767257	8421342.255307	425.852234	35.627850	616539.625000
	531835.637957	8421352.384607	411.527252	35.015625	618181.312500
	531825.508658	8421352.384607	401.397949	34.445313	621259.375000
	531815.379359	8421352.384607	391.268646	33.867188	622593.187500
	531805.250059	8421362.513906	376.943665	32.960938	626184.312500
	531795.120760	8421362.513906	366.814362	32.078537	627210.312500
	531784.991461	8421372.643205	352.489380	30.752958	628031.125000
	531774.862161	8421382.772504	338.164398	29.007813	628852.000000
	531764.732862	8421392.901804	323.839417	27.134182	630698.812500
	531754.603563	8421403.031103	309.514435	25.515625	631519.625000
	531744.474264	8421413.160402	295.189453	24.093121	631622.250000
	531734.344964	8421423.289702	280.864471	22.773438	631724.875000
	531724.215665	8421433.419001	266.539490	21.820313	631827.437500
	531714.086366	8421443.548300	252.214493	21.166264	631930.062500
	531703.957066	8421453.677599	237.889496	20.671875	647320.437500
	531703.957066	8421463.806899	227.760193	20.406250	656862.500000
	531703.957066	8421473.936198	217.630890	20.148438	663634.312500
	531703.957066	8421484.065497	207.501587	19.898438	664044.687500
	531703.957066	8421494.194797	197.372284	19.648438	667841.000000
	531703.957066	8421504.324096	187.242981	19.398438	670611.250000
	531703.957066	8421514.453395	177.113678	19.140625	672458.125000
	531703.957066	8421524.582694	166.984375	18.867188	674202.375000
	531703.957066	8421534.711994	156.855072	18.578125	675844.000000
	531703.957066	8421544.841293	146.725769	18.257813	678511.687500
	531703.957066	8421554.970592	136.596466	17.898438	678819.500000
	531703.957066	8421565.099892	126.467163	17.500000	680768.937500
	531703.957066	8421575.229191	116.337860	17.031250	680871.562500
	531703.957066	8421585.358490	106.208557	16.515625	680974.125000
	531703.957066	8421595.487789	96.079254	15.992188	2060262.250000
	531349.431591	8421139.669322	769.949646	57.609375	148671.312500
	531349.431591	8421149.798621	759.820374	55.766384	153185.843750
	531349.431591	8421159.927920	749.691101	53.934990	153596.250000
	531349.431591	8421170.057219	739.561829	52.101563	363623.968750
	531278.526496	8421159.927920	814.662476	57.718155	194226.921875
	531288.655796	8421159.927920	804.533203	57.460938	199254.453125
	531298.785095	8421159.927920	794.403931	57.205082	204076.781250
	531308.914394	8421170.057219	780.078918	54.914063	209001.703125
	531319.043694	8421170.057219	769.949646	54.289063	209309.515625
	531329.172993	8421170.057219	759.820374	53.585938	209514.718750
	531339.302292	8421170.057219	749.691101	52.835938	209925.125000
	531349.431591	8421170.057219	739.561829	52.101563	363623.968750
	531531.758979	8421372.643205	413.985016	24.557961	143951.593750
	531541.888278	8421382.772504	399.660034	23.789063	145388.031250
	531552.017577	8421382.772504	389.530731	23.398438	147850.500000
	531562.146876	8421392.901804	375.205750	22.937500	149697.343750
	531572.276176	8421392.901804	365.076447	22.634510	1111495.125000
